h: 33 

 xs: [ 0.00000000e+00  6.52103245e-02  3.34365927e-02 -3.17737318e-02
 -6.52103245e-02 -3.34365927e-02  3.17737318e-02  1.82159034e-01
  1.42392805e-01  1.92148025e-02 -1.15218971e-01 -1.82159034e-01
 -1.42392805e-01 -1.92148025e-02  1.15218971e-01  3.21942168e-01
  2.05757139e-01  1.09798765e-02 -1.87991325e-01 -3.15156231e-01
 -3.21942168e-01 -2.05757139e-01 -1.09798765e-02  1.87991325e-01
  3.15156231e-01  5.14450540e-01  4.45527237e-01  2.57225270e-01
  3.15010104e-17 -2.57225270e-01 -4.45527237e-01 -5.14450540e-01
 -4.45527237e-01 -2.57225270e-01 -9.45030311e-17  2.57225270e-01
  4.45527237e-01] 

 ys: [ 0.00000000e+00 -9.60053182e-04  5.59937710e-02  5.69538242e-02
  9.60053182e-04 -5.59937710e-02 -5.69538242e-02 -1.92148025e-02
  1.15218971e-01  1.82159034e-01  1.42392805e-01  1.92148025e-02
 -1.15218971e-01 -1.82159034e-01 -1.42392805e-01  9.30604259e-02
  2.64520324e-01  3.34942449e-01  2.77427943e-01  1.13945392e-01
 -9.30604259e-02 -2.64520324e-01 -3.34942449e-01 -2.77427943e-01
 -1.13945392e-01  0.00000000e+00  2.57225270e-01  4.45527237e-01
  5.14450540e-01  4.45527237e-01  2.57225270e-01  6.30020208e-17
 -2.57225270e-01 -4.45527237e-01 -5.14450540e-01 -4.45527237e-01
 -2.57225270e-01] 

 spirads: [0.03 0.03 0.03 0.03 0.03 0.03 0.03 0.06 0.06 0.06 0.06 0.06 0.06 0.06
 0.06 0.09 0.08 0.07 0.07 0.08 0.09 0.08 0.07 0.07 0.08 0.1  0.1  0.09
 0.09 0.09 0.09 0.1  0.1  0.09 0.09 0.09 0.09]